JOBID
480547870
480547872
480547875
480547877
480547881
480547883
480547885
480547887
480547888
480547890
480547894
480547896
480547898
480547899
480547902
480547905
480547907
480547909
480547910
480547913
480547914
480547916
480547918
480547920
480547921
480547923
480547926
480547928
480547930
480547932
480547934
480547936
480547940
480547948
480547952
480547954
480547955
480547959
480547961
480547962
480547965
480547967
480547970
480547972
480547974
480547975
480547977
480547979
480547981
480547983
480547984
480547987
480547989
